.Random.seed <-
c(403L, 10L, -1465120948L, -1528332894L, -1335137027L, 544010743L, 
2136571678L, 431743448L, -1291642053L, 1490775257L, 1856807016L, 
-234191466L, -1702953711L, 2011221699L, -1973252398L, -1411016860L, 
-25212249L, -1225124867L, -86759948L, -1518935334L, -1378298843L, 
-1305093825L, -1985159482L, -1930710192L, 711084915L, -1964581487L, 
1618624448L, 384309662L, 721355625L, 2074859419L, 936902314L, 
-1026500404L, 976300431L, 1243962821L, -1214807684L, -235138606L, 
-6378163L, -1246162937L, 1048477678L, -1303525688L, 866695627L, 
886058025L, 1269332600L, -695933018L, -1809059391L, -144628141L, 
-1933611774L, -1637671884L, 1420737975L, -405876307L, 1734537924L, 
-1792874774L, -771077803L, 1053646575L, -741597962L, 1197575200L, 
-1789817373L, 1619095169L, 859490544L, -532559986L, -1968211719L, 
-1009327477L, 207151802L, 1700711868L, -920455425L, -1249969579L, 
-904118932L, -173754942L, 1518269981L, -906891625L, 715089918L, 
2047112120L, -1622773861L, -337136135L, 2123281736L, 1086013558L, 
-1717293647L, 862983139L, 1387647154L, -263570172L, -363733433L, 
-1215157987L, -888002668L, 1105636154L, 2042378117L, -1798970273L, 
843706086L, -1796434576L, -453157229L, -1173051599L, 1594039776L, 
1853475454L, -1104226039L, 114293563L, 155439882L, 1086880492L, 
-933464209L, -210814811L, 463614556L, -1929625038L, 710732077L, 
1271361511L, -471656690L, -1838495512L, -1353491733L, 630518665L, 
-1721331944L, -528616890L, -251153759L, -940296909L, 268389538L, 
-1836604524L, 364329495L, 1411890701L, 1227758372L, 371001098L, 
-1776547211L, -693896753L, -1655520554L, 2079434368L, 1121659075L, 
355632737L, -514040112L, -1933785042L, -657162791L, -652140053L, 
-996760486L, 1967169052L, -419909857L, -2054356107L, -2022102516L, 
1630153698L, 136468669L, -47364297L, -1685123106L, -277398248L, 
-1667624837L, -1117125095L, 1716465320L, 1302617174L, -423790383L, 
-665672573L, 2090780434L, 1580655268L, -875123097L, -1277485123L, 
1240928564L, 1489048218L, -34778907L, -1618226561L, -152495098L, 
-1068339312L, 155488819L, 474581457L, -65578112L, -1413999010L, 
-100971095L, 1224891483L, 1913111658L, 438091020L, 1423204175L, 
-1752982523L, -1991572804L, -910273646L, 1172148365L, 1638639303L, 
1733668782L, -578856440L, 1058086411L, -871000343L, -67931720L, 
-1623028122L, -1685697791L, -1593565805L, -1659783614L, 26929652L, 
-472525833L, 425273325L, 125878404L, -491546966L, 1833192469L, 
-1617691473L, 304755382L, 1106243808L, -1251066845L, 940589889L, 
1513213488L, -1417057202L, 625910969L, 997892299L, 1362283898L, 
943263868L, -82168641L, -634469995L, 1392921004L, -935601278L, 
1253335389L, -1350049705L, 1897199422L, 2083618680L, -1763716005L, 
-1902943303L, -1001905656L, -243873610L, 404582385L, -175613405L, 
1601950322L, -2024847164L, -1008509305L, 1736840797L, 845461588L, 
1889094266L, 431763909L, -1850842337L, 809979558L, 1599463472L, 
1725252307L, -1871021839L, 455410720L, 917013182L, 1921148617L, 
426812539L, -1268049334L, -1200742740L, 1470650799L, 1775939941L, 
-848732388L, 1796866930L, -1330413587L, 234033040L, -629312020L, 
359743572L, 1227046546L, -1752696032L, 664972748L, 1698257888L, 
1764065986L, -554493400L, -1562927444L, 1440543420L, 1711690226L, 
966379824L, -1412625244L, 727351992L, -1095636134L, 1522601360L, 
-213470852L, 944246036L, -1888900798L, 362611456L, -901014596L, 
-366331056L, -918224606L, -529703608L, 409565196L, -1563019172L, 
1279894738L, -576370688L, -1286571180L, -1395645976L, 526882810L, 
463410896L, -344988372L, 1719404788L, -967391342L, -69075872L, 
-196248308L, -1186773280L, 1020976482L, -1561345368L, -330999220L, 
747681660L, -530519246L, 83345008L, -416400060L, -482313256L, 
-1635102598L, -1507809744L, -1332180292L, 1360914260L, 546757186L, 
1937222560L, 338233532L, 674439632L, 1239205218L, -1483582488L, 
-687704116L, 852408060L, -1743728654L, -299180928L, 1276467444L, 
759788680L, -1848351430L, 893240144L, -2091021204L, -463912812L, 
-2086594222L, -1532510496L, 182546636L, 172652704L, -1346225790L, 
-1591166744L, 2008545516L, 1938110524L, 140574834L, -176068496L, 
-623689180L, 338035256L, -1313043942L, 1723625680L, 182679100L, 
-1673147244L, -1926998910L, -875329600L, -1336988356L, 574070416L, 
-2057784286L, -637693944L, 2029755532L, 1553825820L, 216794258L, 
-499962752L, 1434199060L, 946758440L, -779799494L, -1509577520L, 
-16149396L, -1656146252L, 280510482L, 1356234720L, -1646728244L, 
1992891872L, 26102818L, 1153176872L, -1827145460L, 835243580L, 
-1856748302L, -520808208L, -654436540L, -1966354344L, 980542010L, 
-903149328L, 1730388668L, 1281247764L, -145158974L, 1831769696L, 
2104255868L, -929684272L, 587830306L, 1193994408L, -933913204L, 
1544028604L, -408500174L, 1041322816L, 2103942836L, 2098991432L, 
-1480584518L, 1830575888L, 1721753836L, -1545881516L, -508836078L, 
1859961248L, -2044516404L, 2098765664L, -1227060030L, -833434072L, 
2116151724L, 2113905468L, -1872149646L, -1356427472L, 460267556L, 
144662072L, -455298342L, -1834698864L, 22140156L, 1032711572L, 
-247954622L, 1041533440L, -76494788L, -725867952L, 952049826L, 
1821139784L, -627262964L, 58972892L, 1937748050L, -858518400L, 
303286100L, -97542168L, -1935920390L, 318941008L, -136625108L, 
-1405908620L, 702107282L, -1132969376L, -1479954292L, -1627401888L, 
-925796126L, 489680040L, -834062644L, 1977842172L, -1788122190L, 
1484473328L, 2084520388L, 1438612824L, 1389867386L, -874303056L, 
-1180980804L, -37200300L, -1585104446L, -292740320L, 1005687740L, 
1423683664L, 811244514L, -1968455832L, -1268172980L, -99619076L, 
1055434482L, -1371366144L, 719379572L, 299781640L, -243063366L, 
-116660784L, -233543700L, -762991724L, -807958318L, -164940704L, 
184020300L, 192205600L, -1316844926L, 1311396328L, -1965106196L, 
-520565188L, -263240078L, -1623086224L, -1937363676L, 1253644856L, 
1521549722L, -2106184240L, 329795004L, -1150800236L, -2053164414L, 
-686838336L, 1848186684L, -1888189808L, -1820727518L, -1158019576L, 
492888844L, -174812260L, 874552338L, 2044734336L, -476058860L, 
-1856703192L, 832110650L, 468988880L, 408664684L, 849218612L, 
651693861L, 39322818L, 320754096L, -862557735L, -940669109L, 
-1029763652L, 1547673066L, -1196938721L, -230834007L, 115451966L, 
1810630956L, -92200067L, 2060777927L, 1938193584L, 529382094L, 
286617595L, 567277661L, 688734090L, 2103603112L, 986809617L, 
141687811L, 771585796L, -274531534L, 820296071L, -1523982383L, 
-1267297962L, -1374302412L, -156995003L, -695705969L, 2039977992L, 
-1692980186L, -1786207021L, 1838261813L, 197336466L, 786456928L, 
1601140937L, -1888068613L, 365616076L, -1651468710L, -1440482481L, 
-2097319399L, 1743556654L, 1977146940L, 754766765L, 535518295L, 
836934048L, -1979268354L, 1504563659L, -1533339699L, 1136941818L, 
1578058040L, -1823429919L, 1956994451L, -1115486796L, 1543395010L, 
-244173097L, -1050101983L, 391818982L, 913663972L, 1678038805L, 
-1164128449L, -40867112L, 1185074934L, 1449552131L, 557496901L, 
2120366690L, -161228336L, 1901102841L, -372255701L, -415427684L, 
988892106L, 1277428927L, -46782967L, -540479714L, 1694406348L, 
-709560675L, -764198105L, 934079824L, 999134190L, 471178395L, 
671086333L, -454787606L, -2090594680L, 852703281L, -1638792541L, 
2024229540L, 829758290L, 243397287L, -1476210959L, -2118541770L, 
1171784404L, -755935643L, -921074577L, -388432216L, 1907743750L, 
72804659L, -1205537387L, 226548210L, -209938880L, -1834829911L, 
846314011L, 263328748L, 1386345466L, -223281105L, 1740812345L, 
901923406L, 1493041820L, 498665485L, -739502985L, 2093892736L, 
-2013654306L, -112803413L, -661030227L, -2059772134L, 1998454744L, 
896420929L, 753548019L, -1213170412L, -1643788126L, -1175910985L, 
1291262337L, 1719607174L, 1237650884L, 1440967925L, 1422361951L, 
-1452857416L, 484379286L, 860697763L, 1584664165L, -139035774L, 
-22923024L, 2128289945L, 217938059L, 1538843004L, 1620156330L, 
861790175L, -252965527L, -691736194L, 1226465644L, 4938173L, 
-990180729L, -410857872L, 362419470L, 814807611L, -1951350499L, 
-1918078006L, 585723112L, 1471860689L, 326951363L, 933382852L, 
